7172372791717612827;;xstrange774;;471900;;72600;;869;;7861;;worldcup2022;;
7172292044130405638;;tgarratt01;;1900000;;246500;;3511;;3951;;worldcup2022;;
7172322897053125893;;johnnellis_;;2600000;;210900;;1373;;7548;;worldcup2022;;
7172295303150701851;;callme.byyy;;1000000;;93500;;1294;;5642;;worldcup2022;;
7172510271825612059;;lorong_pisang;;350500;;26800;;3090;;342;;worldcup2022;;
7172425344786484506;;riantransaputra;;811400;;58400;;1335;;992;;worldcup2022;;
7172517185036799259;;fadiladitya_e;;2106;;80;;1;;0;;worldcup2022;;
7172460322127711514;;desky105;;493300;;42700;;413;;84;;worldcup2022;;
7172590430880632090;;mhmdysbar;;8040;;318;;10;;0;;worldcup2022;;
7172441885666135322;;hfzmyd;;356400;;50800;;422;;3677;;worldcup2022;;
7172493960479362330;;markobemm;;228900;;28300;;184;;357;;worldcup2022;;
7172576001623395611;;gusdapratama;;2609;;50;;7;;21;;worldcup2022;;
7172573697562184986;;sctv_;;1043;;16;;1;;7;;worldcup2022;;
7172395324479180059;;al26football;;67500;;8734;;99;;433;;worldcup2022;;
7172420314087836954;;sahrul_arhul;;386300;;44900;;168;;2080;;worldcup2022;;
7172279551672782086;;fatifemalesports;;2600000;;145500;;1077;;1636;;worldcup2022;;
7172419766500511003;;ftblll33;;242400;;21000;;218;;615;;worldcup2022;;
7172503942583176475;;mirr_official;;121200;;3921;;813;;102;;worldcup2022;;
7172442102268267803;;betamaumere;;174000;;19900;;58;;153;;worldcup2022;;
7172494432325930266;;championstvofficial;;5147;;155;;1;;1;;worldcup2022;;
7172311675842907398;;papasaber;;3600000;;528000;;2693;;19300;;worldcup2022;;
7172442237534555419;;debbyrsaf;;131300;;19800;;329;;975;;worldcup2022;;
7172235125898464538;;sports.sctv;;4800000;;204000;;1926;;3448;;worldcup2022;;
7172576241810181403;;sctv_;;1393;;11;;2;;1;;worldcup2022;;
7172116227848965402;;footballicious97;;4000000;;178000;;1614;;625;;worldcup2022;;
7172449523690704155;;kaa_hayxxx;;161400;;13200;;247;;2246;;worldcup2022;;
7168796670799465755;;jackyyyyaja;;997700;;141700;;697;;18300;;worldcup2022;;
7172501157552688386;;su_kitman;;25800;;1098;;33;;1;;worldcup2022;;
7170658467609365787;;alwaysalone.__;;8500000;;812900;;1643;;1297;;worldcup2022;;
7169165998552141082;;nandaitsmerealnando;;4300000;;366400;;1660;;2312;;worldcup2022;;
7170893742793116955;;ff_worldcup_2022;;1500000;;48300;;368;;725;;worldcup2022;;
7171837806644415771;;ff_worldcup_2022;;2400000;;174700;;1388;;832;;worldcup2022;;
7172541611925048602;;championstvofficial;;1560;;34;;0;;6;;worldcup2022;;
7172416434524441883;;kaa_hayxxx;;585900;;59500;;617;;6959;;worldcup2022;;
7170339972988423450;;oentoenk21;;2600000;;54500;;513;;74;;worldcup2022;;
7172461844051807514;;kaa_hayxxx;;342700;;29300;;553;;3241;;worldcup2022;;
7168794016463555866;;expreso02;;1500000;;109000;;2938;;6064;;worldcup2022;;
7172572849511664923;;sports.sctv;;32100;;575;;27;;9;;worldcup2022;;
7169659485479324954;;dignitateofficial;;1200000;;132200;;739;;6098;;worldcup2022;;
7172478285706693915;;terdalam_;;36100;;2801;;117;;32;;worldcup2022;;
7171043771059162395;;cuwitan62;;1500000;;105500;;650;;190;;worldcup2022;;
7172501180633976090;;indosiar_sports;;3186;;128;;5;;1;;worldcup2022;;
7172500003863219483;;sports.sctv;;5769;;113;;1;;11;;worldcup2022;;
7172541568526617883;;sports.sctv;;4441;;105;;2;;0;;worldcup2022;;
7172458744868113690;;willdavies30;;188500;;22200;;420;;944;;worldcup2022;;
7104726027196189958;;ftbllupu;;4102;;179;;1;;1;;worldcup2022;;
7132778897396993306;;editfootball_05;;18300;;1181;;121;;0;;worldcup2022;;
7172566985849441562;;sports.sctv;;2132;;45;;0;;0;;worldcup2022;;
7172561244065467674;;sports.sctv;;3293;;114;;5;;5;;worldcup2022;;
7172445774335233307;;indosiar_sports;;11100;;572;;12;;30;;worldcup2022;;
7090508926969531674;;quangleon88;;11400;;654;;14;;3;;worldcup2022;;
7172495751921110299;;kompastvnews;;1205;;23;;0;;2;;worldcup2022;;
7172502103598943514;;sports.sctv;;8027;;208;;3;;17;;worldcup2022;;
7169332396972690730;;footballmuf.c;;3059;;37;;1;;1;;worldcup2022;;
7074474941839691009;;ikduth67399;;2257;;72;;0;;0;;worldcup2022;;
7162841317729406250;;hacyve4;;962;;27;;6;;11;;worldcup2022;;
7146529672086572293;;realbleibtnr.1;;4669;;183;;0;;4;;worldcup2022;;
7027098634420227354;;25hfootball;;2683;;105;;5;;3;;worldcup2022;;
7172537321408204059;;verdinmolo;;21400;;1530;;17;;10;;worldcup2022;;
7172501788787019035;;footballicious97;;39300;;4744;;240;;110;;worldcup2022;;
7172515214926089499;;ff_worldcup_2022;;79700;;4006;;591;;133;;worldcup2022;;
7172542260419120411;;eradotid;;1158;;98;;3;;2;;worldcup2022;;
7172431567783087386;;deasilistiani;;4351;;276;;12;;0;;worldcup2022;;
7172563903031807258;;muktiga;;439;;17;;1;;3;;worldcup2022;;
7172537923428961562;;alridho.p;;152100;;3062;;164;;7;;worldcup2022;;
7172446436645145882;;arquelaa;;743900;;107100;;293;;118;;worldcup2022;;
7172506817598147867;;iamzmyy;;93500;;13900;;83;;569;;worldcup2022;;
7172574638696910107;;tomtypo2;;2686;;304;;7;;2;;worldcup2022;;
7172506577096723739;;friznaire;;72800;;5698;;87;;46;;worldcup2022;;
7172447885336874245;;supersilver.haze;;38900;;2085;;100;;12;;worldcup2022;;
7172459506314595586;;bolacom;;588;;100;;0;;0;;worldcup2022;;
7172232876702944513;;emirateslovesmorocco;;1500000;;82200;;2536;;3305;;worldcup2022;;
7172450551697853722;;dani_dermawan0103;;180100;;11400;;3678;;247;;worldcup2022;;
7172307861517782278;;edonsama;;2900000;;369500;;2528;;23200;;worldcup2022;;
7172573036720278810;;sctv_;;1111;;8;;2;;0;;worldcup2022;;
7172491232843730202;;robbydarmawan11;;2458;;119;;7;;1;;worldcup2022;;
7172487306702540058;;flygoal;;1496;;198;;14;;0;;worldcup2022;;
7172531738747407643;;kaa_hayxxx;;7398;;555;;20;;90;;worldcup2022;;
7172594600677281051;;gusdapratama;;419;;16;;6;;0;;worldcup2022;;
7172423540078169370;;millenialzkece;;14500;;1273;;36;;10;;worldcup2022;;
7172422339164917018;;alpian_87;;792700;;76600;;1421;;2585;;worldcup2022;;
7172465017663589659;;indonesianfootball;;182800;;4409;;298;;463;;worldcup2022;;
7172532610994933018;;mhidayatputra12;;18000;;1358;;33;;29;;worldcup2022;;
7172388908301471022;;nabhuto;;541500;;65500;;579;;371;;worldcup2022;;
7172502561205800218;;soccerjersey7;;228400;;4762;;49;;13;;worldcup2022;;
7172534665797061915;;cuwitan62;;1406;;115;;4;;0;;worldcup2022;;
7172498631100992794;;betamaumere;;1095;;145;;0;;0;;worldcup2022;;
7172488281052040475;;bayyy.blaugrana2;;45800;;7287;;63;;270;;worldcup2022;;
7172508360602832154;;indosiar_sports;;30500;;2183;;36;;136;;worldcup2022;;
7172579505834429723;;xstrange774;;5540;;324;;19;;7;;worldcup2022;;
7172502642051108122;;astridkuya;;13400;;1316;;25;;0;;worldcup2022;;
7172586953081244955;;kakekreza3;;676;;36;;2;;0;;worldcup2022;;
7172558653415820570;;al26football;;1556;;149;;0;;0;;worldcup2022;;
7172576203876945178;;xstrange774;;1969;;121;;10;;0;;worldcup2022;;
7172498806024473858;;az_aniimasi;;111500;;1924;;5;;7;;worldcup2022;;
7172525101890555162;;blonfootball;;95300;;1961;;71;;103;;worldcup2022;;
7172232973943721221;;bhavss14;;1000000;;138900;;610;;1929;;worldcup2022;;
7172482384690990363;;muktiga;;4107;;122;;4;;5;;worldcup2022;;
7172552021751368986;;agungroroa12;;9720;;1272;;5;;3;;worldcup2022;;
7172479033848909083;;sports.sctv;;18100;;862;;6;;46;;worldcup2022;;
